1,2 26 3
0,0 13 28
1,2 26 3
1,2 26 3
0,0 13 28
0,1 20 45
1,3 50 5
1,2 26 3
1,2 26 3
0,0 13 28
0,1 20 45
0,1 20 45
1,2 26 3
1,2 26 3
0,1 20 45
1,3 50 5
0,1 20 45
0,0 13 28
0,1 20 45
1,2 26 3
0,1 20 45
1,2 26 3
1,3 50 5
0,1 20 45
1,3 50 5
1,3 50 5
1,3 50 5
1,2 26 3
1,2 26 3
1,2 26 3
0,1 20 45
1,3 50 5
1,3 50 5
1,3 50 5
1,2 26 3
0,1 20 45
0,0 13 28
1,2 26 3
1,2 26 3
0,0 13 28
0,0 13 28
0,1 20 45
1,3 50 5
0,0 13 28
1,2 26 3
0,1 20 45
1,2 26 3
1,2 26 3
0,1 20 45
1,3 50 5
0,0 13 28
1,3 50 5
0,0 13 28
1,3 50 5
0,0 13 28
1,3 50 5
0,0 13 28
0,1 20 45
0,0 13 28
1,3 50 5
1,2 26 3
0,1 20 45
1,3 50 5
1,2 26 3
0,0 13 28
0,1 20 45
1,2 26 3
1,2 26 3
0,1 20 45
0,1 20 45
0,0 13 28
1,3 50 5
0,0 13 28
0,0 13 28
1,2 26 3
0,1 20 45
1,3 50 5
0,1 20 45
0,1 20 45
0,1 20 45
0,0 13 28
0,0 13 28
0,1 20 45
1,2 26 3
0,0 13 28
0,0 13 28
0,1 20 45
0,0 13 28
1,2 26 3
1,2 26 3
1,3 50 5
0,0 13 28
1,3 50 5
1,2 26 3
0,1 20 45
1,3 50 5
1,3 50 5
1,2 26 3
1,2 26 3
0,1 20 45
